serial	2000	0.090000	0.010000	0.500000	16	4000	4	420956
serial	2000	0.450000	0.050000	0.500000	16	4000	4	410185
parallel	2000i	0.090000	0.010000	0.500000	16	4000	4	2	1	580615
parallel	2000i	0.450000	0.050000	0.500000	16	4000	4	2	1	533119
parallel	2000i	0.090000	0.010000	0.500000	16	4000	4	3	1	856876
parallel	2000i	0.450000	0.050000	0.500000	16	4000	4	3	1	798120
parallel	2000i	0.090000	0.010000	0.500000	16	4000	4	7	1	1892058
parallel	2000i	0.450000	0.050000	0.500000	16	4000	4	7	1	1668121
parallel	2000i	0.090000	0.010000	0.500000	16	4000	4	15	1	1623182
parallel	2000i	0.450000	0.050000	0.500000	16	4000	4	15	1	1517001
parallel	2000i	0.090000	0.010000	0.500000	16	4000	4	31	1	672981
parallel	2000i	0.450000	0.050000	0.500000	16	4000	4	31	1	514396
parallel	2000i	0.090000	0.010000	0.500000	16	4000	4	2	2	589024
parallel	2000i	0.450000	0.050000	0.500000	16	4000	4	2	2	554290
parallel	2000i	0.090000	0.010000	0.500000	16	4000	4	3	2	897294
parallel	2000i	0.450000	0.050000	0.500000	16	4000	4	3	2	828711
parallel	2000i	0.090000	0.010000	0.500000	16	4000	4	7	2	1949320
parallel	2000i	0.450000	0.050000	0.500000	16	4000	4	7	2	1783630
parallel	2000i	0.090000	0.010000	0.500000	16	4000	4	15	2	1655546
parallel	2000i	0.450000	0.050000	0.500000	16	4000	4	15	2	1529570
parallel	2000i	0.090000	0.010000	0.500000	16	4000	4	31	2	614534
parallel	2000i	0.450000	0.050000	0.500000	16	4000	4	31	2	410163
parallel	2000i	0.090000	0.010000	0.500000	16	4000	4	2	3	531463
parallel	2000i	0.450000	0.050000	0.500000	16	4000	4	2	3	524155
parallel	2000i	0.090000	0.010000	0.500000	16	4000	4	3	3	697967
parallel	2000i	0.450000	0.050000	0.500000	16	4000	4	3	3	744990
parallel	2000i	0.090000	0.010000	0.500000	16	4000	4	7	3	1528063
parallel	2000i	0.450000	0.050000	0.500000	16	4000	4	7	3	1705109
parallel	2000i	0.090000	0.010000	0.500000	16	4000	4	15	3	1511568
parallel	2000i	0.450000	0.050000	0.500000	16	4000	4	15	3	1510002
parallel	2000i	0.090000	0.010000	0.500000	16	4000	4	31	3	1220567
parallel	2000i	0.450000	0.050000	0.500000	16	4000	4	31	3	1084014
parallel	2000i	0.090000	0.010000	0.500000	16	4000	4	2	4	596362
parallel	2000i	0.450000	0.050000	0.500000	16	4000	4	2	4	554935
parallel	2000i	0.090000	0.010000	0.500000	16	4000	4	3	4	903952
parallel	2000i	0.450000	0.050000	0.500000	16	4000	4	3	4	827176
parallel	2000i	0.090000	0.010000	0.500000	16	4000	4	7	4	1970242
parallel	2000i	0.450000	0.050000	0.500000	16	4000	4	7	4	1846088
parallel	2000i	0.090000	0.010000	0.500000	16	4000	4	15	4	905243
parallel	2000i	0.450000	0.050000	0.500000	16	4000	4	15	4	1135819
parallel	2000i	0.090000	0.010000	0.500000	16	4000	4	31	4	399570
parallel	2000i	0.450000	0.050000	0.500000	16	4000	4	31	4	104299
serial	2000	0.090000	0.010000	0.750000	16	4000	4	420722
serial	2000	0.450000	0.050000	0.750000	16	4000	4	410980
parallel	2000i	0.090000	0.010000	0.750000	16	4000	4	2	1	573569
parallel	2000i	0.450000	0.050000	0.750000	16	4000	4	2	1	524586
parallel	2000i	0.090000	0.010000	0.750000	16	4000	4	3	1	872254
parallel	2000i	0.450000	0.050000	0.750000	16	4000	4	3	1	806888
parallel	2000i	0.090000	0.010000	0.750000	16	4000	4	7	1	1904133
parallel	2000i	0.450000	0.050000	0.750000	16	4000	4	7	1	1685728
parallel	2000i	0.090000	0.010000	0.750000	16	4000	4	15	1	1578961
parallel	2000i	0.450000	0.050000	0.750000	16	4000	4	15	1	1445081
parallel	2000i	0.090000	0.010000	0.750000	16	4000	4	31	1	679647
parallel	2000i	0.450000	0.050000	0.750000	16	4000	4	31	1	501928
parallel	2000i	0.090000	0.010000	0.750000	16	4000	4	2	2	592815
parallel	2000i	0.450000	0.050000	0.750000	16	4000	4	2	2	559563
parallel	2000i	0.090000	0.010000	0.750000	16	4000	4	3	2	902941
parallel	2000i	0.450000	0.050000	0.750000	16	4000	4	3	2	828412
parallel	2000i	0.090000	0.010000	0.750000	16	4000	4	7	2	1970509
parallel	2000i	0.450000	0.050000	0.750000	16	4000	4	7	2	1793876
parallel	2000i	0.090000	0.010000	0.750000	16	4000	4	15	2	1568349
parallel	2000i	0.450000	0.050000	0.750000	16	4000	4	15	2	1487048
parallel	2000i	0.090000	0.010000	0.750000	16	4000	4	31	2	606941
parallel	2000i	0.450000	0.050000	0.750000	16	4000	4	31	2	412187
parallel	2000i	0.090000	0.010000	0.750000	16	4000	4	2	3	534853
parallel	2000i	0.450000	0.050000	0.750000	16	4000	4	2	3	531120
parallel	2000i	0.090000	0.010000	0.750000	16	4000	4	3	3	728433
parallel	2000i	0.450000	0.050000	0.750000	16	4000	4	3	3	760519
parallel	2000i	0.090000	0.010000	0.750000	16	4000	4	7	3	1848012
parallel	2000i	0.450000	0.050000	0.750000	16	4000	4	7	3	1758977
parallel	2000i	0.090000	0.010000	0.750000	16	4000	4	15	3	1573093
parallel	2000i	0.450000	0.050000	0.750000	16	4000	4	15	3	1532771
parallel	2000i	0.090000	0.010000	0.750000	16	4000	4	31	3	1121830
parallel	2000i	0.450000	0.050000	0.750000	16	4000	4	31	3	1053612
parallel	2000i	0.090000	0.010000	0.750000	16	4000	4	2	4	604761
parallel	2000i	0.450000	0.050000	0.750000	16	4000	4	2	4	567460
parallel	2000i	0.090000	0.010000	0.750000	16	4000	4	3	4	915507
parallel	2000i	0.450000	0.050000	0.750000	16	4000	4	3	4	844707
parallel	2000i	0.090000	0.010000	0.750000	16	4000	4	7	4	1984254
parallel	2000i	0.450000	0.050000	0.750000	16	4000	4	7	4	1873571
parallel	2000i	0.090000	0.010000	0.750000	16	4000	4	15	4	1593158
parallel	2000i	0.450000	0.050000	0.750000	16	4000	4	15	4	1445852
parallel	2000i	0.090000	0.010000	0.750000	16	4000	4	31	4	402532
parallel	2000i	0.450000	0.050000	0.750000	16	4000	4	31	4	101211
serial	2000	0.090000	0.010000	0.900000	16	4000	4	429531
serial	2000	0.450000	0.050000	0.900000	16	4000	4	417841
parallel	2000i	0.090000	0.010000	0.900000	16	4000	4	2	1	578647
parallel	2000i	0.450000	0.050000	0.900000	16	4000	4	2	1	537476
parallel	2000i	0.090000	0.010000	0.900000	16	4000	4	3	1	860913
parallel	2000i	0.450000	0.050000	0.900000	16	4000	4	3	1	793555
parallel	2000i	0.090000	0.010000	0.900000	16	4000	4	7	1	1918619
parallel	2000i	0.450000	0.050000	0.900000	16	4000	4	7	1	1705386
parallel	2000i	0.090000	0.010000	0.900000	16	4000	4	15	1	1615702
parallel	2000i	0.450000	0.050000	0.900000	16	4000	4	15	1	1513822
parallel	2000i	0.090000	0.010000	0.900000	16	4000	4	31	1	674778
parallel	2000i	0.450000	0.050000	0.900000	16	4000	4	31	1	502128
parallel	2000i	0.090000	0.010000	0.900000	16	4000	4	2	2	596807
parallel	2000i	0.450000	0.050000	0.900000	16	4000	4	2	2	556998
parallel	2000i	0.090000	0.010000	0.900000	16	4000	4	3	2	901790
parallel	2000i	0.450000	0.050000	0.900000	16	4000	4	3	2	833068
parallel	2000i	0.090000	0.010000	0.900000	16	4000	4	7	2	1969032
parallel	2000i	0.450000	0.050000	0.900000	16	4000	4	7	2	1808877
parallel	2000i	0.090000	0.010000	0.900000	16	4000	4	15	2	1618222
parallel	2000i	0.450000	0.050000	0.900000	16	4000	4	15	2	1493558
parallel	2000i	0.090000	0.010000	0.900000	16	4000	4	31	2	612917
parallel	2000i	0.450000	0.050000	0.900000	16	4000	4	31	2	421618
parallel	2000i	0.090000	0.010000	0.900000	16	4000	4	2	3	536657
parallel	2000i	0.450000	0.050000	0.900000	16	4000	4	2	3	536866
parallel	2000i	0.090000	0.010000	0.900000	16	4000	4	3	3	745611
parallel	2000i	0.450000	0.050000	0.900000	16	4000	4	3	3	758626
parallel	2000i	0.090000	0.010000	0.900000	16	4000	4	7	3	1926632
parallel	2000i	0.450000	0.050000	0.900000	16	4000	4	7	3	1782534
parallel	2000i	0.090000	0.010000	0.900000	16	4000	4	15	3	1566722
parallel	2000i	0.450000	0.050000	0.900000	16	4000	4	15	3	1547258
parallel	2000i	0.090000	0.010000	0.900000	16	4000	4	31	3	1027234
parallel	2000i	0.450000	0.050000	0.900000	16	4000	4	31	3	932614
parallel	2000i	0.090000	0.010000	0.900000	16	4000	4	2	4	573294
parallel	2000i	0.450000	0.050000	0.900000	16	4000	4	2	4	544324
parallel	2000i	0.090000	0.010000	0.900000	16	4000	4	3	4	881935
parallel	2000i	0.450000	0.050000	0.900000	16	4000	4	3	4	839400
parallel	2000i	0.090000	0.010000	0.900000	16	4000	4	7	4	1982220
parallel	2000i	0.450000	0.050000	0.900000	16	4000	4	7	4	1871429
parallel	2000i	0.090000	0.010000	0.900000	16	4000	4	15	4	1612739
parallel	2000i	0.450000	0.050000	0.900000	16	4000	4	15	4	1525392
parallel	2000i	0.090000	0.010000	0.900000	16	4000	4	31	4	390477
parallel	2000i	0.450000	0.050000	0.900000	16	4000	4	31	4	98667
serial	2000	0.090000	0.010000	0.990000	16	4000	4	426358
serial	2000	0.450000	0.050000	0.990000	16	4000	4	416841
parallel	2000i	0.090000	0.010000	0.990000	16	4000	4	2	1	583032
parallel	2000i	0.450000	0.050000	0.990000	16	4000	4	2	1	540569
parallel	2000i	0.090000	0.010000	0.990000	16	4000	4	3	1	861615
parallel	2000i	0.450000	0.050000	0.990000	16	4000	4	3	1	792071
parallel	2000i	0.090000	0.010000	0.990000	16	4000	4	7	1	1911638
parallel	2000i	0.450000	0.050000	0.990000	16	4000	4	7	1	1695958
parallel	2000i	0.090000	0.010000	0.990000	16	4000	4	15	1	1623108
parallel	2000i	0.450000	0.050000	0.990000	16	4000	4	15	1	1499192
parallel	2000i	0.090000	0.010000	0.990000	16	4000	4	31	1	680719
parallel	2000i	0.450000	0.050000	0.990000	16	4000	4	31	1	504617
parallel	2000i	0.090000	0.010000	0.990000	16	4000	4	2	2	601967
parallel	2000i	0.450000	0.050000	0.990000	16	4000	4	2	2	560538
parallel	2000i	0.090000	0.010000	0.990000	16	4000	4	3	2	897528
parallel	2000i	0.450000	0.050000	0.990000	16	4000	4	3	2	828779
parallel	2000i	0.090000	0.010000	0.990000	16	4000	4	7	2	1963893
parallel	2000i	0.450000	0.050000	0.990000	16	4000	4	7	2	1806366
parallel	2000i	0.090000	0.010000	0.990000	16	4000	4	15	2	1536183
parallel	2000i	0.450000	0.050000	0.990000	16	4000	4	15	2	1508001
parallel	2000i	0.090000	0.010000	0.990000	16	4000	4	31	2	571215
parallel	2000i	0.450000	0.050000	0.990000	16	4000	4	31	2	398702
parallel	2000i	0.090000	0.010000	0.990000	16	4000	4	2	3	535955
parallel	2000i	0.450000	0.050000	0.990000	16	4000	4	2	3	532282
parallel	2000i	0.090000	0.010000	0.990000	16	4000	4	3	3	744144
parallel	2000i	0.450000	0.050000	0.990000	16	4000	4	3	3	763277
parallel	2000i	0.090000	0.010000	0.990000	16	4000	4	7	3	1953283
parallel	2000i	0.450000	0.050000	0.990000	16	4000	4	7	3	1814956
parallel	2000i	0.090000	0.010000	0.990000	16	4000	4	15	3	1597725
parallel	2000i	0.450000	0.050000	0.990000	16	4000	4	15	3	1530437
parallel	2000i	0.090000	0.010000	0.990000	16	4000	4	31	3	1018410
parallel	2000i	0.450000	0.050000	0.990000	16	4000	4	31	3	1003870
parallel	2000i	0.090000	0.010000	0.990000	16	4000	4	2	4	600059
parallel	2000i	0.450000	0.050000	0.990000	16	4000	4	2	4	559118
parallel	2000i	0.090000	0.010000	0.990000	16	4000	4	3	4	908440
parallel	2000i	0.450000	0.050000	0.990000	16	4000	4	3	4	830185
parallel	2000i	0.090000	0.010000	0.990000	16	4000	4	7	4	1984264
parallel	2000i	0.450000	0.050000	0.990000	16	4000	4	7	4	1887212
parallel	2000i	0.090000	0.010000	0.990000	16	4000	4	15	4	1645501
parallel	2000i	0.450000	0.050000	0.990000	16	4000	4	15	4	1538122
parallel	2000i	0.090000	0.010000	0.990000	16	4000	4	31	4	403238
parallel	2000i	0.450000	0.050000	0.990000	16	4000	4	31	4	104625
